J48,probability
true,0.9
false,0.1